Wed Oct  8 09:08:01 2025

tsp_random_test():
  python version: 3.10.12
  numpy version:  1.26.4
  Test tsp_random().

tsp_random():
  Solve small traveling salesperson problems using
  a sampling method.

  The city-to-city distance matrix D:

[[0. 3. 4. 2. 9.]
 [3. 0. 4. 6. 3.]
 [4. 4. 0. 5. 8.]
 [2. 6. 5. 0. 6.]
 [9. 3. 8. 6. 0.]]

  Number of samples requested is 500

  Sample 0: cost = 27
  Sample 1: cost = 21
  Sample 17: cost = 19

  Number of samples tried was 500

  The best itinerary found:

  Step  From  To        Distance

     0     4   1               3
     1     1   2               4
     2     2   0               4
     3     0   3               2
     4     3   4               6
  ----    --  --  --------------
  cost:                       19

tsp_random():
  Normal end of execution.

tsp_random():
  Solve small traveling salesperson problems using
  a sampling method.

  The city-to-city distance matrix D:

[[ 0. 29. 82. 46. 68. 52. 72. 42. 51. 55. 29. 74. 23. 72. 46.]
 [29.  0. 55. 46. 42. 43. 43. 23. 23. 31. 41. 51. 11. 52. 21.]
 [82. 55.  0. 68. 46. 55. 23. 43. 41. 29. 79. 21. 64. 31. 51.]
 [46. 46. 68.  0. 82. 15. 72. 31. 62. 42. 21. 51. 51. 43. 64.]
 [68. 42. 46. 82.  0. 74. 23. 52. 21. 46. 82. 58. 46. 65. 23.]
 [52. 43. 55. 15. 74.  0. 61. 23. 55. 31. 33. 37. 51. 29. 59.]
 [72. 43. 23. 72. 23. 61.  0. 42. 23. 31. 77. 37. 51. 46. 33.]
 [42. 23. 43. 31. 52. 23. 42.  0. 33. 15. 37. 33. 33. 31. 37.]
 [51. 23. 41. 62. 21. 55. 23. 33.  0. 29. 62. 46. 29. 51. 11.]
 [55. 31. 29. 42. 46. 31. 31. 15. 29.  0. 51. 21. 41. 23. 37.]
 [29. 41. 79. 21. 82. 33. 77. 37. 62. 51.  0. 65. 42. 59. 61.]
 [74. 51. 21. 51. 58. 37. 37. 33. 46. 21. 65.  0. 61. 11. 55.]
 [23. 11. 64. 51. 46. 51. 51. 33. 29. 41. 42. 61.  0. 62. 23.]
 [72. 52. 31. 43. 65. 29. 46. 31. 51. 23. 59. 11. 62.  0. 59.]
 [46. 21. 51. 64. 23. 59. 33. 37. 11. 37. 61. 55. 23. 59.  0.]]

  Number of samples requested is 100000

  Sample 0: cost = 690
  Sample 1: cost = 649
  Sample 2: cost = 645
  Sample 6: cost = 638
  Sample 7: cost = 611
  Sample 8: cost = 530
  Sample 25: cost = 463
  Sample 592: cost = 459
  Sample 731: cost = 457
  Sample 1730: cost = 441
  Sample 19910: cost = 431
  Sample 90357: cost = 428
  Sample 93209: cost = 414

  Number of samples tried was 100000

  The best itinerary found:

  Step  From  To        Distance

     0     6   1              43
     1     1  14              21
     2    14   4              23
     3     4   2              46
     4     2  11              21
     5    11   9              21
     6     9   7              15
     7     7  12              33
     8    12   0              23
     9     0  10              29
    10    10   3              21
    11     3   5              15
    12     5  13              29
    13    13   8              51
    14     8   6              23
  ----    --  --  --------------
  cost:                      414

tsp_random():
  Normal end of execution.

tsp_random():
  Solve small traveling salesperson problems using
  a sampling method.

  The city-to-city distance matrix D:

[[  0. 633. 257.  91. 412. 150.  80. 134. 259. 505. 353. 324.  70. 211.
  268. 246. 121.]
 [633.   0. 390. 661. 227. 488. 572. 530. 555. 289. 282. 638. 567. 466.
  420. 745. 518.]
 [257. 390.   0. 228. 169. 112. 196. 154. 372. 262. 110. 437. 191.  74.
   53. 472. 142.]
 [ 91. 661. 228.   0. 383. 120.  77. 105. 175. 476. 324. 240.  27. 182.
  239. 237.  84.]
 [412. 227. 169. 383.   0. 267. 351. 309. 338. 196.  61. 421. 346. 243.
  199. 528. 297.]
 [150. 488. 112. 120. 267.   0.  63.  34. 264. 360. 208. 329.  83. 105.
  123. 364.  35.]
 [ 80. 572. 196.  77. 351.  63.   0.  29. 232. 444. 292. 297.  47. 150.
  207. 332.  29.]
 [134. 530. 154. 105. 309.  34.  29.   0. 249. 402. 250. 314.  68. 108.
  165. 349.  36.]
 [259. 555. 372. 175. 338. 264. 232. 249.   0. 495. 352.  95. 189. 326.
  383. 202. 236.]
 [505. 289. 262. 476. 196. 360. 444. 402. 495.   0. 154. 578. 439. 336.
  240. 685. 390.]
 [353. 282. 110. 324.  61. 208. 292. 250. 352. 154.   0. 435. 287. 184.
  140. 542. 238.]
 [324. 638. 437. 240. 421. 329. 297. 314.  95. 578. 435.   0. 254. 391.
  448. 157. 301.]
 [ 70. 567. 191.  27. 346.  83.  47.  68. 189. 439. 287. 254.   0. 145.
  202. 289.  55.]
 [211. 466.  74. 182. 243. 105. 150. 108. 326. 336. 184. 391. 145.   0.
   57. 426.  96.]
 [268. 420.  53. 239. 199. 123. 207. 165. 383. 240. 140. 448. 202.  57.
    0. 483. 153.]
 [246. 745. 472. 237. 528. 364. 332. 349. 202. 685. 542. 157. 289. 426.
  483.   0. 336.]
 [121. 518. 142.  84. 297.  35.  29.  36. 236. 390. 238. 301.  55.  96.
  153. 336.   0.]]

  Number of samples requested is 100000

  Sample 0: cost = 4519
  Sample 1: cost = 4433
  Sample 3: cost = 4173
  Sample 19: cost = 3552
  Sample 164: cost = 3323
  Sample 208: cost = 3084
  Sample 3450: cost = 3044
  Sample 16982: cost = 2984
  Sample 32753: cost = 2927
  Sample 42045: cost = 2878
  Sample 50791: cost = 2848

  Number of samples tried was 100000

  The best itinerary found:

  Step  From  To        Distance

     0    14  13              57
     1    13   5             105
     2     5  15             364
     3    15   8             202
     4     8  11              95
     5    11   3             240
     6     3  16              84
     7    16   7              36
     8     7   4             309
     9     4   1             227
    10     1   9             289
    11     9  10             154
    12    10   6             292
    13     6   0              80
    14     0  12              70
    15    12   2             191
    16     2  14              53
  ----    --  --  --------------
  cost:                     2848

tsp_random():
  Normal end of execution.

tsp_random():
  Solve small traveling salesperson problems using
  a sampling method.

  The city-to-city distance matrix D:

[[   0. 4727. 1205. ... 1542. 2379. 3744.]
 [4727.    0. 3588. ... 5461. 4390. 2088.]
 [1205. 3588.    0. ... 2023. 1867. 2560.]
 ...
 [1542. 5461. 2023. ...    0. 1644. 3928.]
 [2379. 4390. 1867. ... 1644.    0. 2532.]
 [3744. 2088. 2560. ... 3928. 2532.    0.]]

  Number of samples requested is 10000

  Sample 0: cost = 152504
  Sample 2: cost = 141823
  Sample 3: cost = 136927
  Sample 71: cost = 122113
  Sample 5471: cost = 117578

  Number of samples tried was 10000

  The best itinerary found:

  Step  From  To        Distance

     0    23  25            2042
     1    25  34            1375
     2    34   2            5564
     3     2  22             828
     4    22   9            4090
     5     9  47            1914
     6    47  46            2532
     7    46  32            1244
     8    32  33            2685
     9    33  38            1981
    10    38  41            2012
    11    41  10            3701
    12    10  36            3037
    13    36   8            2845
    14     8   7             718
    15     7  37             985
    16    37  39            1127
    17    39   4            3227
    18     4   1            1842
    19     1  12            3635
    20    12  17            2905
    21    17  42            1322
    22    42  16             437
    23    16  30            2384
    24    30  40            3693
    25    40  19            3542
    26    19  14             986
    27    14  28            3710
    28    28  11            3520
    29    11  21            1767
    30    21   0             720
    31     0  43            1947
    32    43  15            2928
    33    15  29            4034
    34    29   3            7859
    35     3  31            3763
    36    31  18            4706
    37    18   5             293
    38     5  45            1670
    39    45  13            2395
    40    13  20            1341
    41    20  35            2796
    42    35   6             332
    43     6  27             267
    44    27  26             839
    45    26  24            4097
    46    24  44            4312
    47    44  23            1629
  ----    --  --  --------------
  cost:                   117578

tsp_random():
  Normal end of execution.

tsp_random_test():
  Normal end of execution.
Wed Oct  8 09:08:03 2025
